1 100000 0
2 100000 0
3 100000 0
4 100000 0
5 100000 0
6 100000 0
7 100000 0
8 100000 0
9 100000 0
10 100000 0
11 100000 0
12 100000 0
13 100000 0
14 100000 0
15 100000 0
16 100000 0
17 100000 0
18 100000 0
19 100000 0
20 100000 0
21 100000 0
22 100000 0
23 100000 0
24 100000 0
25 100000 0
26 100000 0
27 100000 0
28 100000 0
29 100000 0
1 100000 0
2 100000 0
3 100000 0
4 100000 0
5 100000 0
6 100000 0
7 100000 0
8 100000 0
9 100000 0
10 100000 0
11 100000 0
12 100000 0
13 100000 0
14 100000 0
15 100000 0
16 100000 0
17 100000 0
18 100000 0
19 100000 0
20 100000 0
21 100000 0
22 100000 0
23 100000 0
24 100000 0
25 100000 0
26 100000 0
27 100000 0
28 100000 0
29 100000 0
