0: 0.216588,0.72196,95
1: 0.155787,0.51929,2
2: 0.116391,0.38797,122
3: 0.08289,0.2763,221
4: 0.059757,0.19919,152
5: 0.040599,0.13533,23
6: 0.028605,0.09535,17
7: 0.020175,0.06725,212
8: 0.01404,0.0468,23
9: 0.009822,0.03274,23
10: 0.006723,0.02241,23
11: 0.004719,0.01573,104
12: 0.003303,0.01101,122
13: 0.001965,0.00655,212
14: 0.000432,0.00144,212
15: 0,0,122
16: 2.122e-314,0,0
17: 0,2.122e-309,0
18: 0,0,6320400
19: 6.91621e-310,2.122e-311,0
life Cycle = 1500143
*********************************************************************
