0: 0.3,0.75029,1064
1: 0.21,0.50058,1064
2: 0.1029,0.3341,1661
3: 0.07203,0.23421,2021
4: 0.050421,0.16761,26129
5: 0.050421,0.12004,15416
6: 0.024702,0.07247,15416
7: 0.017289,0.04749,5609
8: 0.012102,0.02996,42149
9: 0.005928,0.01806,51269
10: 0.004149,0.01214,86609
11: 0.002904,0.00797,73766
12: 0.002031,0.00508,71864
13: 0.000993,0.00305,80606
14: 0.000693,0.00206,52469
15: 0.0006,0.00137,92384
16: 0.0006,0.00078,66641
17: 0.0006,0.00019,66641
life Cycle = 1829989
******************************************************************
