0.1
0.1,85241,99370
0.2,49714,99370
0.3,10100,99370
0.4,10538,99370
0.5,7277,99370
0.6,5087,99370
0.7,4215,99370
0.8,4355,99370
0.9,5493,99370
0.2
0.1,60577,97129
0.2,13692,97129
0.3,5163,97129
0.4,4926,97129
0.5,5200,97129
0.6,7885,97129
0.7,15715,97129
0.8,47609,98125
0.9,55849,98437
0.3
0.1,27419,53655
0.2,6201,53655
0.3,2666,53655
0.4,2655,53655
0.5,3760,53655
0.6,5556,53655
0.7,14955,62529
0.8,48168,98761
0.9,51705,98761
0.4
0.1,13935,31540
0.2,3356,31540
0.3,2344,31540
0.4,2360,31540
0.5,3679,31540
0.6,9394,34005
0.7,37876,97005
0.8,48738,98680
0.9,61425,98680
0.5
0.1,4397,14772
0.2,2108,14772
0.3,4832,14772
0.4,4566,14772
0.5,17143,52995
0.6,62184,98737
0.7,-1,-1
0.8,-1,-1
0.9,-1,-1
0.5
0.1,5015,11466
0.2,2072,11466
0.3,4270,11466
0.4,4533,11466
0.5,15469,49213
0.6,56209,98281
0.7,50407,98281
0.8,-1,-1
0.9,-1,-1
0.5
0.1,4926,11809
0.2,2143,11809
0.3,5798,16649
0.4,5317,16649
0.5,22280,79577
0.6,55543,98405
0.7,51981,98557
0.8,-1,-1
0.9,-1,-1
0.5
0.1,4848,12258
0.2,1619,12258
0.3,2919,12258
0.4,2791,12258
0.5,8144,18087
0.6,41193,97968
0.7,60561,98765
0.8,22679,98765
0.9,-1,-1
0.1
0.1,84374,98901
0.2,40014,98901
0.3,11328,98901
0.4,11767,98901
0.5,11157,98901
0.6,11266,98901
0.7,16790,98901
0.8,37237,98901
0.9,63687,98901
0.1
0.1,86056,99861
0.2,50350,99861
0.3,9888,99861
0.4,10414,99861
0.5,6102,99861
0.6,4564,99861
0.7,4482,99861
0.8,5432,99861
0.9,16647,99861
0.1
0.1,86785,99066
0.2,48050,99066
0.3,9898,99066
0.4,9455,99066
0.5,5921,99066
0.6,4824,99066
0.7,4657,99066
0.8,5178,99066
0.9,17005,99066
0.1
0.1,86085,98857
0.2,58844,98857
0.4
0.1,13515,33619
0.2,3375,33619
0.3,2059,33619
0.4,2065,33619
0.5,3602,33619
0.6,9993,33619
0.7,39641,98239
0.8,22279,98239
0.9,50259,98239
0.3
0.1,5217.65
0.2,1809.05
0.3,1246.49
0.4,1303.37
0.5,1501.72
0.6,2881.78
0.7,9965.34
0.8,31364.4
0.9,55260.7
