0: 0.204618,0.68206,5415
1: 0.150111,0.50037,332
2: 0.103389,0.34463,11245
3: 0.072807,0.24269,5415
4: 0,0,5415
5: 1.52021e-316,6.95285e-310,0
6: 6.95285e-310,6.95285e-310,-1682388128
7: 6.94911e-310,6.95285e-310,32765
8: 6.79039e-313,2.07439e-317,-1682383528
9: 6.94911e-310,6.94911e-310,32765
10: 0,6.95285e-310,1
11: 1.96182e-316,6.94911e-310,0
12: 6.94911e-310,2.07439e-317,0
13: 1.51942e-316,6.94911e-310,0
14: 0,4.94066e-323,39799802
15: 6.95285e-310,2.07712e-317,32748
16: 2.122e-314,0,0
17: 0,2.122e-309,0
18: 0,0,6320400
19: 6.94911e-310,2.122e-311,0
life Cycle = 476263
*********************************************************************
